35 11 34 90 36 52 77 47 16 4 53 11 76 53 24 76 15 3 91 40 86 20 24 52 50 35 66 62 14 16 37 67 49 75 45 90 43 46 71 39 44 9 61 1 79 83 68 82 46 98 60 27 88 18 40 23 45 84 45 8 66 51 34 69 44 18 6 33 7 85 12 80 35 81 19 72 7 40 4 68 10 50 67 66 46 35 61 25 15 62 73 20 55 11 84 59 82 96 38 76
88 28 27 38 72 93 50 73 44 53 89 69 13 72 9 82 30 30 7 59 28 43 96 37 24 40 75 19 39 39 1 68 55 97 10 91 2 17 58 99 85 42 36 31 86 95 85 44 14 87 73 78 50 14 46 32 53 29 62 18 52 56 98 94 25 7 84 81 85 56 85 30 84 61 37 13 7 5 78 4 50 80 39 94 58 93 71 9 36 9 20 22 54 68 16 47 35 69 84 2
18 22 33 40 2 9 39 15 70 47 56 23 42 67 73 68 74 87 96 57 24 15 25 20 27 99 1 8 85 14 4 25 67 36 66 52 62 42 69 24 100 42 35 39 6 54 6 31 12 25 78 17 61 72 53 7 1 63 88 73 64 66 15 9 59 22 34 30 63 99 85 37 100 50 60 50 97 21 47 24 78 59 12 19 66 59 49 74 61 78 65 27 59 86 82 14 61 69 11 15
79 4 7 44 68 4 8 68 38 43 79 51 10 81 80 61 58 99 13 32 75 62 39 44 91 42 18 86 56 46 27 45 74 17 69 58 29 27 47 36 62 51 51 39 51 68 41 44 45 65 56 63 7 23 86 44 60 85 98 26 26 84 81 72 67 71 20 87 73 4 64 41 28 70 27 84 34 57 71 60 76 77 7 68 35 65 37 46 4 52 13 46 19 27 55 19 31 18 66 87
78 1 91 32 31 90 29 66 67 87 42 56 13 89 5 48 50 41 79 14 86 7 66 79 23 20 5 96 4 83 87 40 48 51 57 41 14 98 55 78 48 64 52 8 82 25 2 78 35 65 55 88 33 67 84 82 5 45 23 46 59 19 95 22 14 55 25 33 16 9 61 43 4 13 32 59 38 96 91 76 51 98 77 90 50 65 37 75 43 70 42 39 71 83 100 71 43 28 74 61
53 91 17 92 38 96 68 85 77 43 9 47 43 100 3 54 80 57 68 13 87 61 34 39 100 28 21 8 48 96 62 75 17 77 25 93 20 45 74 63 84 40 6 14 32 26 96 24 42 52 28 54 42 47 78 31 73 89 42 73 68 31 100 29 84 73 43 6 12 61 32 22 22 34 46 39 15 32 91 35 71 16 33 2 88 62 7 96 43 99 39 23 24 31 84 77 13 60 82 27
59 15 55 14 73 26 63 92 17 40 50 2 35 50 15 36 66 47 34 62 90 26 54 72 87 2 61 30 91 58 32 72 13 91 44 28 95 30 31 1 93 63 44 58 8 39 77 53 61 65 30 37 78 96 58 82 24 18 94 4 16 29 96 95 65 32 59 81 77 31 23 25 67 59 90 8 67 29 34 62 40 65 34 27 65 83 32 85 69 96 33 74 74 80 80 62 10 84 24 87
61 18 62 78 44 4 41 76 74 52 82 96 68 82 86 11 43 38 13 57 14 56 29 97 3 45 17 22 54 97 11 44 68 26 25 77 22 53 2 69 29 73 43 45 9 86 58 11 100 41 93 8 35 93 68 23 64 63 1 41 84 66 46 47 30 63 72 17 64 22 17 74 22 44 48 89 45 64 93 25 51 41 27 88 65 12 11 89 20 60 77 8 69 12 37 93 44 94 33 35
34 56 97 1 37 14 59 58 99 40 66 24 24 51 50 74 67 76 88 25 63 4 43 44 4 81 10 79 73 43 17 19 62 20 72 93 15 65 11 64 89 89 40 1 5 61 35 90 82 63 26 21 70 32 92 82 71 64 86 67 97 13 5 92 63 44 22 65 41 67 8 82 12 37 64 32 22 32 85 79 34 22 11 47 98 3 43 27 86 25 30 59 69 67 81 61 52 94 95 80
95 86 25 41 76 79 41 52 40 84 22 21 76 97 94 27 14 24 94 44 44 43 47 12 25 78 31 30 51 19 88 28 3 56 65 23 57 76 24 63 69 57 28 69 9 63 29 12 98 82 87 10 37 17 88 49 22 39 64 64 36 80 16 65 81 44 12 38 21 22 76 2 97 49 75 83 60 42 45 95 15 8 96 40 1 6 18 92 37 28 58 15 98 98 25 73 75 87 51 60
73 11 3 36 6 81 21 96 59 17 30 63 5 84 28 33 90 75 80 80 74 38 47 25 65 32 30 52 76 55 28 20 99 13 44 98 4 11 56 61 37 55 70 57 20 8 3 57 48 34 68 4 2 51 34 56 34 21 73 48 19 54 23 63 78 49 76 25 32 80 50 17 49 81 84 99 51 7 97 86 74 47 84 72 14 74 46 59 97 58 56 79 79 68 63 90 100 84 17 32
42 72 69 30 64 37 59 5 65 80 56 13 78 83 17 80 67 95 12 95 68 65 79 42 95 96 16 70 42 62 32 88 59 97 64 59 97 57 58 65 21 41 64 80 76 67 21 56 38 45 75 47 46 72 99 31 9 75 75 64 13 98 97 51 85 87 12 75 89 69 88 27 38 69 95 78 61 90 61 61 77 1 23 77 73 24 29 12 77 78 19 66 51 50 1 82 94 81 52 91
41 73 21 18 38 64 37 18 34 13 2 81 86 51 58 54 64 44 14 98 6 88 34 95 97 30 14 92 20 38 27 63 19 12 42 62 58 59 47 8 27 19 96 31 5 97 73 36 72 3 26 42 23 80 39 5 100 77 24 72 83 26 80 51 99 34 98 94 61 91 86 95 38 39 67 65 69 17 54 16 73 55 51 37 2 93 44 98 14 90 95 83 99 77 93 86 63 29 50 24
2 15 91 88 14 85 62 42 71 54 2 32 74 24 76 94 2 18 50 6 49 95 53 20 93 4 16 47 53 52 88 89 14 14 75 7 80 64 61 39 32 99 35 92 62 22 73 10 11 66 34 38 48 92 46 58 38 72 33 47 52 12 62 9 83 78 6 99 43 90 49 44 24 57 11 71 89 87 94 84 53 19 80 59 88 96 50 95 40 40 39 56 68 5 100 25 58 7 36 79
39 85 60 92 89 35 86 14 98 100 100 92 80 33 27 36 90 61 94 4 13 45 27 79 2 46 30 64 83 39 3 100 51 69 61 96 31 42 45 63 42 20 38 16 6 27 18 17 41 19 13 3 66 28 94 3 94 39 35 98 95 44 13 83 24 29 80 75 82 7 73 31 33 62 84 23 59 58 65 87 83 17 54 48 31 26 10 11 33 14 38 44 60 66 48 26 85 14 1 62
